p=2:
[[4, 1999], [4, 1999], [4, 1999], [6, 1999], [18, 1998], [34, 1997], [66, 1994], [130, 1989], [258, 1978], [514, 1957], [1026,1914], [2050, 1829], [4098, 1658], [8194, 1000], [16386, 1000]]

p=3:
[[4, 1999], [8, 1999], [20, 1998], [56, 1995], [164, 1986], [488, 1959], [1460, 1878], [4376, 1635], [13124, 2000]]

p=5:
[[6, 3199], [42, 3196], [202, 3183], [1002, 3116],[5002, 2783], [25002, 1116]]

p=7:
[[8, 1999], [86, 1993], [590, 1951],[4118, 1657], [28814, 1000]]

p=11:
[[12, 1998], [222, 1981], [2422, 1798], [26622, 1000]]

p=13:
[[14, 1999], [314, 1974], [4058, 1662], [>10500, (1000 c)]]

p=17:
[[18, 1998], [546, 1954], [9250, 1229]]

p=19:
[[20, 1000],[686, 1000],[12998, 1000]]